 
          96           0
 
           1   19.45000000000000        10.00000000000000     
   0.00000000000000     
           2   19.44946473080965        10.01635078230754     
   0.00000000000000     
           3   19.44786121534345        10.03263154805501     
   0.00000000000000     
           4   19.44519632010081        10.04877258050403     
   0.00000000000000     
           5   19.44148145657227        10.06470476127563     
   0.00000000000000     
           6   19.43673253237377        10.08035986632579     
   0.00000000000000     
           7   19.43096988312782        10.09567085809127     
   0.00000000000000     
           8   19.42421818538317        10.11057217255475     
   0.00000000000000     
           9   19.41650635094611        10.12500000000000     
   0.00000000000000     
          10   19.40786740307563        10.13889255825490     
   0.00000000000000     
          11   19.39833833507281        10.15219035725218     
   0.00000000000000     
          12   19.38795995186974        10.16483645377502     
   0.00000000000000     
          13   19.37677669529664        10.17677669529664     
   0.00000000000000     
          14   19.36483645377502        10.18795995186975     
   0.00000000000000     
          15   19.35219035725218        10.19833833507281     
   0.00000000000000     
          16   19.33889255825490        10.20786740307564     
   0.00000000000000     
          17   19.32500000000000        10.21650635094611     
   0.00000000000000     
          18   19.31057217255475        10.22421818538317     
   0.00000000000000     
          19   19.29567085809127        10.23096988312782     
   0.00000000000000     
          20   19.28035986632579        10.23673253237378     
   0.00000000000000     
          21   19.26470476127563        10.24148145657227     
   0.00000000000000     
          22   19.24877258050403        10.24519632010081     
   0.00000000000000     
          23   19.23263154805501        10.24786121534345     
   0.00000000000000     
          24   19.21635078230754        10.24946473080965     
   0.00000000000000     
          25   19.20000000000000        10.25000000000000     
   0.00000000000000     
          26   19.18364921769246        10.24946473080965     
   0.00000000000000     
          27   19.16736845194499        10.24786121534345     
   0.00000000000000     
          28   19.15122741949597        10.24519632010081     
   0.00000000000000     
          29   19.13529523872437        10.24148145657227     
   0.00000000000000     
          30   19.11964013367421        10.23673253237378     
   0.00000000000000     
          31   19.10432914190873        10.23096988312782     
   0.00000000000000     
          32   19.08942782744525        10.22421818538317     
   0.00000000000000     
          33   19.07500000000000        10.21650635094611     
   0.00000000000000     
          34   19.06110744174510        10.20786740307564     
   0.00000000000000     
          35   19.04780964274782        10.19833833507281     
   0.00000000000000     
          36   19.03516354622498        10.18795995186975     
   0.00000000000000     
          37   19.02322330470336        10.17677669529664     
   0.00000000000000     
          38   19.01204004813026        10.16483645377502     
   0.00000000000000     
          39   19.00166166492719        10.15219035725218     
   0.00000000000000     
          40   18.99213259692436        10.13889255825490     
   0.00000000000000     
          41   18.98349364905389        10.12500000000000     
   0.00000000000000     
          42   18.97578181461683        10.11057217255475     
   0.00000000000000     
          43   18.96903011687218        10.09567085809127     
   0.00000000000000     
          44   18.96326746762622        10.08035986632579     
   0.00000000000000     
          45   18.95851854342773        10.06470476127563     
   0.00000000000000     
          46   18.95480367989919        10.04877258050403     
   0.00000000000000     
          47   18.95213878465655        10.03263154805501     
   0.00000000000000     
          48   18.95053526919035        10.01635078230754     
   0.00000000000000     
          49   18.95000000000000        10.00000000000000     
   0.00000000000000     
          50   18.95053526919035        9.98364921769246     
   0.00000000000000     
          51   18.95213878465655        9.96736845194499     
   0.00000000000000     
          52   18.95480367989919        9.95122741949597     
   0.00000000000000     
          53   18.95851854342773        9.93529523872437     
   0.00000000000000     
          54   18.96326746762622        9.91964013367421     
   0.00000000000000     
          55   18.96903011687218        9.90432914190873     
   0.00000000000000     
          56   18.97578181461683        9.88942782744525     
   0.00000000000000     
          57   18.98349364905389        9.87500000000000     
   0.00000000000000     
          58   18.99213259692436        9.86110744174510     
   0.00000000000000     
          59   19.00166166492719        9.84780964274782     
   0.00000000000000     
          60   19.01204004813026        9.83516354622498     
   0.00000000000000     
          61   19.02322330470336        9.82322330470336     
   0.00000000000000     
          62   19.03516354622498        9.81204004813025     
   0.00000000000000     
          63   19.04780964274782        9.80166166492719     
   0.00000000000000     
          64   19.06110744174510        9.79213259692436     
   0.00000000000000     
          65   19.07500000000000        9.78349364905389     
   0.00000000000000     
          66   19.08942782744525        9.77578181461683     
   0.00000000000000     
          67   19.10432914190873        9.76903011687218     
   0.00000000000000     
          68   19.11964013367421        9.76326746762622     
   0.00000000000000     
          69   19.13529523872437        9.75851854342773     
   0.00000000000000     
          70   19.15122741949597        9.75480367989919     
   0.00000000000000     
          71   19.16736845194499        9.75213878465655     
   0.00000000000000     
          72   19.18364921769246        9.75053526919035     
   0.00000000000000     
          73   19.20000000000000        9.75000000000000     
   0.00000000000000     
          74   19.21635078230754        9.75053526919035     
   0.00000000000000     
          75   19.23263154805501        9.75213878465655     
   0.00000000000000     
          76   19.24877258050403        9.75480367989919     
   0.00000000000000     
          77   19.26470476127563        9.75851854342773     
   0.00000000000000     
          78   19.28035986632579        9.76326746762622     
   0.00000000000000     
          79   19.29567085809127        9.76903011687218     
   0.00000000000000     
          80   19.31057217255475        9.77578181461683     
   0.00000000000000     
          81   19.32500000000000        9.78349364905389     
   0.00000000000000     
          82   19.33889255825490        9.79213259692436     
   0.00000000000000     
          83   19.35219035725218        9.80166166492719     
   0.00000000000000     
          84   19.36483645377502        9.81204004813025     
   0.00000000000000     
          85   19.37677669529664        9.82322330470336     
   0.00000000000000     
          86   19.38795995186974        9.83516354622498     
   0.00000000000000     
          87   19.39833833507281        9.84780964274782     
   0.00000000000000     
          88   19.40786740307563        9.86110744174510     
   0.00000000000000     
          89   19.41650635094611        9.87500000000000     
   0.00000000000000     
          90   19.42421818538317        9.88942782744525     
   0.00000000000000     
          91   19.43096988312782        9.90432914190873     
   0.00000000000000     
          92   19.43673253237377        9.91964013367421     
   0.00000000000000     
          93   19.44148145657227        9.93529523872437     
   0.00000000000000     
          94   19.44519632010081        9.95122741949597     
   0.00000000000000     
          95   19.44786121534345        9.96736845194499     
   0.00000000000000     
          96   19.44946473080965        9.98364921769246     
   0.00000000000000     
 
 
 -100.000  -100.000  -100.000
