 
         199           0
 
           1   7.30000000000000        3.00126000000000     
   0.00000000000000     
           2   7.29974827119159        3.00129531456426     
   0.00000000000000     
           3   7.29899333823594        3.00140115672617     
   0.00000000000000     
           4   7.29773596128654        3.00157722261416     
   0.00000000000000     
           5   7.29597740641540        3.00182300816714     
   0.00000000000000     
           6   7.29371944433820        3.00213781268050     
   0.00000000000000     
           7   7.29096434863135        3.00252074368848     
   0.00000000000000     
           8   7.28771489344270        3.00297072310283     
   0.00000000000000     
           9   7.28397435069818        3.00348649450719     
   0.00000000000000     
          10   7.27974648680725        3.00406663148795     
   0.00000000000000     
          11   7.27503555887047        3.00470954686607     
   0.00000000000000     
          12   7.26984631039295        3.00541350268033     
   0.00000000000000     
          13   7.26418396650804        3.00617662076113     
   0.00000000000000     
          14   7.25805422871603        3.00699689372577     
   0.00000000000000     
          15   7.25146326914331        3.00787219622078     
   0.00000000000000     
          16   7.24441772432746        3.00880029623500     
   0.00000000000000     
          17   7.23692468853489        3.00977886630796     
   0.00000000000000     
          18   7.22899170661749        3.01080549446304     
   0.00000000000000     
          19   7.22062676641559        3.01187769470187     
   0.00000000000000     
          20   7.21183829071492        3.01299291690770     
   0.00000000000000     
          21   7.20263512876553        3.01414855601835     
   0.00000000000000     
          22   7.19302654737139        3.01534196034607     
   0.00000000000000     
          23   7.18302222155949        3.01657043893963     
   0.00000000000000     
          24   7.17263222483788        3.01783126790498     
   0.00000000000000     
          25   7.16186701905253        3.01912169562258     
   0.00000000000000     
          26   7.15073744385316        3.02043894682355     
   0.00000000000000     
          27   7.13925470577857        3.02178022551074     
   0.00000000000000     
          28   7.12743036697264        3.02314271673603     
   0.00000000000000     
          29   7.11527633354226        3.02452358726979     
   0.00000000000000     
          30   7.10280484356883        3.02591998522306     
   0.00000000000000     
          31   7.09002845478560        3.02732903870646     
   0.00000000000000     
          32   7.07696003193306        3.02874785363189     
   0.00000000000000     
          33   7.06361273380525        3.03017351078383     
   0.00000000000000     
          34   7.05000000000000        3.03160306230516     
   0.00000000000000     
          35   7.03613553738634        3.03303352775833     
   0.00000000000000     
          36   7.02203330630289        3.03446188993571     
   0.00000000000000     
          37   7.00770750650094        3.03588509060305     
   0.00000000000000     
          38   6.99317256284656        3.03730002636637     
   0.00000000000000     
          39   6.97844311079594        3.03870354485610     
   0.00000000000000     
          40   6.96353398165871        3.04009244142164     
   0.00000000000000     
          41   6.94846018766414        3.04146345652573     
   0.00000000000000     
          42   6.93323690684502        3.04281327402018     
   0.00000000000000     
          43   6.91787946775471        3.04413852047356     
   0.00000000000000     
          44   6.90240333403259        3.04543576570656     
   0.00000000000000     
          45   6.88682408883346        3.04670152467341     
   0.00000000000000     
          46   6.87115741913664        3.04793226080637     
   0.00000000000000     
          47   6.85541909995051        3.04912439091743     
   0.00000000000000     
          48   6.83962497842839        3.05027429172533     
   0.00000000000000     
          49   6.82379095791187        3.05137830804825     
   0.00000000000000     
          50   6.80793298191740        3.05243276267367     
   0.00000000000000     
          51   6.79206701808260        3.05343396788645     
   0.00000000000000     
          52   6.77620904208813        3.05437823860559     
   0.00000000000000     
          53   6.76037502157161        3.05526190704929     
   0.00000000000000     
          54   6.74458090004949        3.05608133881777     
   0.00000000000000     
          55   6.72884258086336        3.05683295025377     
   0.00000000000000     
          56   6.71317591116653        3.05751322691315     
   0.00000000000000     
          57   6.69759666596740        3.05811874295176     
   0.00000000000000     
          58   6.68212053224529        3.05864618121157     
   0.00000000000000     
          59   6.66676309315498        3.05909235376838     
   0.00000000000000     
          60   6.65153981233586        3.05945422268588     
   0.00000000000000     
          61   6.63646601834129        3.05972892070738     
   0.00000000000000     
          62   6.62155688920406        3.05991377160604     
   0.00000000000000     
          63   6.60682743715344        3.06000630990919     
   0.00000000000000     
          64   6.59229249349906        3.06000429971001     
   0.00000000000000     
          65   6.57796669369711        3.05990575228331     
   0.00000000000000     
          66   6.56386446261366        3.05970894222848     
   0.00000000000000     
          67   6.55000000000000        3.05941242187500     
   0.00000000000000     
          68   6.53638726619475        3.05901503370082     
   0.00000000000000     
          69   6.52303996806694        3.05851592053447     
   0.00000000000000     
          70   6.50997154521440        3.05791453333491     
   0.00000000000000     
          71   6.49719515643117        3.05721063637075     
   0.00000000000000     
          72   6.48472366645774        3.05640430965074     
   0.00000000000000     
          73   6.47256963302736        3.05549594849081     
   0.00000000000000     
          74   6.46074529422143        3.05448626013844     
   0.00000000000000     
          75   6.44926255614684        3.05337625741279     
   0.00000000000000     
          76   6.43813298094747        3.05216724935774     
   0.00000000000000     
          77   6.42736777516212        3.05086082894438     
   0.00000000000000     
          78   6.41697777844051        3.04945885789971     
   0.00000000000000     
          79   6.40697345262861        3.04796344877719     
   0.00000000000000     
          80   6.39736487123447        3.04637694442361     
   0.00000000000000     
          81   6.38816170928508        3.04470189503341     
   0.00000000000000     
          82   6.37937323358441        3.04294103301650     
   0.00000000000000     
          83   6.37100829338251        3.04109724593788     
   0.00000000000000     
          84   6.36307531146511        3.03917354781623     
   0.00000000000000     
          85   6.35558227567254        3.03717304909447     
   0.00000000000000     
          86   6.34853673085669        3.03509892561672     
   0.00000000000000     
          87   6.34194577128396        3.03295438696322     
   0.00000000000000     
          88   6.33581603349196        3.03074264450790     
   0.00000000000000     
          89   6.33015368960705        3.02846687957056     
   0.00000000000000     
          90   6.32496444112953        3.02613021203912     
   0.00000000000000     
          91   6.32025351319275        3.02373566983491     
   0.00000000000000     
          92   6.31602564930182        3.02128615958684     
   0.00000000000000     
          93   6.31228510655730        3.01878443886853     
   0.00000000000000     
          94   6.30903565136865        3.01623309033490     
   0.00000000000000     
          95   6.30628055566180        3.01363449807374     
   0.00000000000000     
          96   6.30402259358460        3.01099082646141     
   0.00000000000000     
          97   6.30226403871346        3.00830400178231     
   0.00000000000000     
          98   6.30100666176406        3.00557569683784     
   0.00000000000000     
          99   6.30025172880841        3.00280731873435     
   0.00000000000000     
         100   6.30000000000000        3.00000000000000     
   0.00000000000000     
         101   6.30025172880841        2.99719268126565     
   0.00000000000000     
         102   6.30100666176406        2.99442430316216     
   0.00000000000000     
         103   6.30226403871346        2.99169599821769     
   0.00000000000000     
         104   6.30402259358460        2.98900917353859     
   0.00000000000000     
         105   6.30628055566180        2.98636550192626     
   0.00000000000000     
         106   6.30903565136865        2.98376690966510     
   0.00000000000000     
         107   6.31228510655730        2.98121556113147     
   0.00000000000000     
         108   6.31602564930182        2.97871384041316     
   0.00000000000000     
         109   6.32025351319275        2.97626433016509     
   0.00000000000000     
         110   6.32496444112953        2.97386978796088     
   0.00000000000000     
         111   6.33015368960705        2.97153312042944     
   0.00000000000000     
         112   6.33581603349196        2.96925735549210     
   0.00000000000000     
         113   6.34194577128396        2.96704561303678     
   0.00000000000000     
         114   6.34853673085669        2.96490107438328     
   0.00000000000000     
         115   6.35558227567254        2.96282695090553     
   0.00000000000000     
         116   6.36307531146511        2.96082645218377     
   0.00000000000000     
         117   6.37100829338251        2.95890275406212     
   0.00000000000000     
         118   6.37937323358441        2.95705896698350     
   0.00000000000000     
         119   6.38816170928508        2.95529810496659     
   0.00000000000000     
         120   6.39736487123447        2.95362305557639     
   0.00000000000000     
         121   6.40697345262861        2.95203655122281     
   0.00000000000000     
         122   6.41697777844051        2.95054114210029     
   0.00000000000000     
         123   6.42736777516212        2.94913917105562     
   0.00000000000000     
         124   6.43813298094747        2.94783275064226     
   0.00000000000000     
         125   6.44926255614684        2.94662374258721     
   0.00000000000000     
         126   6.46074529422143        2.94551373986156     
   0.00000000000000     
         127   6.47256963302736        2.94450405150919     
   0.00000000000000     
         128   6.48472366645774        2.94359569034926     
   0.00000000000000     
         129   6.49719515643117        2.94278936362925     
   0.00000000000000     
         130   6.50997154521440        2.94208546666509     
   0.00000000000000     
         131   6.52303996806694        2.94148407946553     
   0.00000000000000     
         132   6.53638726619475        2.94098496629918     
   0.00000000000000     
         133   6.55000000000000        2.94058757812500     
   0.00000000000000     
         134   6.56386446261366        2.94029105777152     
   0.00000000000000     
         135   6.57796669369711        2.94009424771669     
   0.00000000000000     
         136   6.59229249349906        2.93999570028999     
   0.00000000000000     
         137   6.60682743715344        2.93999369009081     
   0.00000000000000     
         138   6.62155688920406        2.94008622839396     
   0.00000000000000     
         139   6.63646601834129        2.94027107929262     
   0.00000000000000     
         140   6.65153981233586        2.94054577731412     
   0.00000000000000     
         141   6.66676309315498        2.94090764623162     
   0.00000000000000     
         142   6.68212053224529        2.94135381878843     
   0.00000000000000     
         143   6.69759666596740        2.94188125704824     
   0.00000000000000     
         144   6.71317591116653        2.94248677308685     
   0.00000000000000     
         145   6.72884258086336        2.94316704974623     
   0.00000000000000     
         146   6.74458090004949        2.94391866118223     
   0.00000000000000     
         147   6.76037502157161        2.94473809295071     
   0.00000000000000     
         148   6.77620904208813        2.94562176139441     
   0.00000000000000     
         149   6.79206701808260        2.94656603211355     
   0.00000000000000     
         150   6.80793298191740        2.94756723732633     
   0.00000000000000     
         151   6.82379095791187        2.94862169195175     
   0.00000000000000     
         152   6.83962497842839        2.94972570827467     
   0.00000000000000     
         153   6.85541909995051        2.95087560908257     
   0.00000000000000     
         154   6.87115741913664        2.95206773919363     
   0.00000000000000     
         155   6.88682408883346        2.95329847532659     
   0.00000000000000     
         156   6.90240333403259        2.95456423429344     
   0.00000000000000     
         157   6.91787946775471        2.95586147952644     
   0.00000000000000     
         158   6.93323690684502        2.95718672597982     
   0.00000000000000     
         159   6.94846018766414        2.95853654347427     
   0.00000000000000     
         160   6.96353398165871        2.95990755857836     
   0.00000000000000     
         161   6.97844311079594        2.96129645514390     
   0.00000000000000     
         162   6.99317256284656        2.96269997363363     
   0.00000000000000     
         163   7.00770750650094        2.96411490939695     
   0.00000000000000     
         164   7.02203330630289        2.96553811006429     
   0.00000000000000     
         165   7.03613553738634        2.96696647224167     
   0.00000000000000     
         166   7.05000000000000        2.96839693769484     
   0.00000000000000     
         167   7.06361273380525        2.96982648921617     
   0.00000000000000     
         168   7.07696003193306        2.97125214636811     
   0.00000000000000     
         169   7.09002845478560        2.97267096129354     
   0.00000000000000     
         170   7.10280484356883        2.97408001477694     
   0.00000000000000     
         171   7.11527633354226        2.97547641273021     
   0.00000000000000     
         172   7.12743036697264        2.97685728326397     
   0.00000000000000     
         173   7.13925470577857        2.97821977448926     
   0.00000000000000     
         174   7.15073744385316        2.97956105317645     
   0.00000000000000     
         175   7.16186701905253        2.98087830437742     
   0.00000000000000     
         176   7.17263222483788        2.98216873209502     
   0.00000000000000     
         177   7.18302222155949        2.98342956106037     
   0.00000000000000     
         178   7.19302654737139        2.98465803965393     
   0.00000000000000     
         179   7.20263512876553        2.98585144398165     
   0.00000000000000     
         180   7.21183829071492        2.98700708309230     
   0.00000000000000     
         181   7.22062676641559        2.98812230529813     
   0.00000000000000     
         182   7.22899170661749        2.98919450553696     
   0.00000000000000     
         183   7.23692468853489        2.99022113369204     
   0.00000000000000     
         184   7.24441772432746        2.99119970376500     
   0.00000000000000     
         185   7.25146326914331        2.99212780377922     
   0.00000000000000     
         186   7.25805422871603        2.99300310627423     
   0.00000000000000     
         187   7.26418396650804        2.99382337923887     
   0.00000000000000     
         188   7.26984631039295        2.99458649731967     
   0.00000000000000     
         189   7.27503555887047        2.99529045313393     
   0.00000000000000     
         190   7.27974648680725        2.99593336851205     
   0.00000000000000     
         191   7.28397435069818        2.99651350549281     
   0.00000000000000     
         192   7.28771489344270        2.99702927689717     
   0.00000000000000     
         193   7.29096434863135        2.99747925631152     
   0.00000000000000     
         194   7.29371944433820        2.99786218731950     
   0.00000000000000     
         195   7.29597740641540        2.99817699183286     
   0.00000000000000     
         196   7.29773596128654        2.99842277738584     
   0.00000000000000     
         197   7.29899333823594        2.99859884327383     
   0.00000000000000     
         198   7.29974827119159        2.99870468543574     
   0.00000000000000     
         199   7.30000000000000        2.99874000000000     
   0.00000000000000     
 
 
 -100.000  -100.000  -100.000
